51
37.000000 52.000000
49.000000 49.000000
52.000000 64.000000
20.000000 26.000000
40.000000 30.000000
21.000000 47.000000
17.000000 63.000000
31.000000 62.000000
52.000000 33.000000
51.000000 21.000000
42.000000 41.000000
31.000000 32.000000
5.000000 25.000000
12.000000 42.000000
36.000000 16.000000
52.000000 41.000000
27.000000 23.000000
17.000000 33.000000
13.000000 13.000000
57.000000 58.000000
62.000000 42.000000
42.000000 57.000000
16.000000 57.000000
8.000000 52.000000
7.000000 38.000000
27.000000 68.000000
30.000000 48.000000
43.000000 67.000000
58.000000 48.000000
58.000000 27.000000
37.000000 69.000000
38.000000 46.000000
46.000000 10.000000
61.000000 33.000000
62.000000 63.000000
63.000000 69.000000
32.000000 22.000000
45.000000 35.000000
59.000000 15.000000
5.000000 6.000000
10.000000 17.000000
21.000000 10.000000
5.000000 64.000000
30.000000 15.000000
39.000000 10.000000
32.000000 39.000000
25.000000 32.000000
25.000000 55.000000
48.000000 28.000000
56.000000 37.000000
30.000000 40.000000

NON ZERO VARIABLES
x_1_33 = 1.000000
x_2_25 = 1.000000
x_3_42 = 1.000000
x_4_27 = 1.000000
x_6_19 = 1.000000
x_6_45 = 1.000000
x_7_51 = 1.000000
x_9_20 = 1.000000
x_10_34 = 1.000000
x_12_15 = 1.000000
x_13_27 = 1.000000
x_14_49 = 1.000000
x_15_43 = 1.000000
x_17_18 = 1.000000
x_19_30 = 1.000000
x_19_39 = 1.000000
x_22_35 = 1.000000
x_23_25 = 1.000000
x_26_35 = 1.000000
x_27_50 = 1.000000
x_30_40 = 1.000000
x_31_38 = 1.000000
x_36_51 = 1.000000
x_40_47 = 1.000000
x_42_50 = 1.000000
