VNS
12826.000000 0.040690
12808.000000 0.129886
12800.000000 0.192067
12752.000000 0.340811
12748.000000 0.365543
12740.000000 0.402684
12624.000000 0.483309
12608.000000 0.508103
12569.000000 0.526704
12520.000000 0.576204
12221.000000 0.632461
12214.000000 0.766708
12206.000000 0.829146
12198.000000 0.885531
12126.000000 1.255240
12118.000000 1.492531
12111.000000 1.517422
12110.000000 1.536208
12107.000000 1.863004
12099.000000 2.571249
12071.000000 2.726733
12066.000000 2.745341
12052.000000 2.883576
12044.000000 2.927178
12042.000000 3.071197
11937.000000 3.263747
11932.000000 3.736344
11931.000000 4.356546
11923.000000 5.050536
11921.000000 5.155649
11913.000000 10.849412
11912.000000 15.992075
11904.000000 19.709480
11902.000000 29.942591
11894.000000 40.734456
11892.000000 44.239534
11891.000000 48.578129
11888.000000 89.588843
11882.000000 101.439990
11882.000000 120.001954
